os:
  Openstack_e10_k5_l3_b64: 0.06038203040361446
  Openstack_e10_k5_l3_b96: 0.09554500585794537
  Openstack_e6_k1_l3_b96: 0.02188185368329363
